-19.447,15.263,0,0,4.235,0,0,0,0,0,0,0,0,0
15.263,-30.272,4.7819,5.1158,5.1939,0,0,0,0,0,0,0,0,0
0,4.7819,-9.8224,5.0688,0,0,0,0,0,0,0,0,0,0
0,5.1158,5.0688,-38.654,21.579,0,4.8895,0,1.8555,0,0,0,0,0
4.235,5.1939,0,21.579,-35.534,4.2574,0,0,0,0,0,0,0,0
0,0,0,0,4.2574,-17.341,0,0,0,0,4.0941,3.176,6.1028,0
0,0,0,4.8895,0,0,-19.549,5.677,9.0901,0,0,0,0,0
0,0,0,0,0,0,5.677,-5.677,0,0,0,0,0,0
0,0,0,1.8555,0,0,9.0901,0,-24.283,10.365,0,0,0,3.0291
0,0,0,0,0,0,0,0,10.365,-14.768,4.4029,0,0,0
0,0,0,0,0,4.0941,0,0,0,4.4029,-8.497,0,0,0
0,0,0,0,0,3.176,0,0,0,0,0,-5.4279,2.252,0
0,0,0,0,0,6.1028,0,0,0,0,0,2.252,-10.67,2.315
0,0,0,0,0,0,0,0,3.0291,0,0,0,2.315,-5.344
