-19.44707,15.263087,0,0,4.2349837,0,0,0,0,0,0,0,0,0
15.263087,-30.272115,4.7818632,5.1158383,5.1939274,0,0,0,0,0,0,0,0,0
0,4.7818632,-9.8223801,5.068817,0,0,0,0,0,0,0,0,0,0
0,5.1158383,5.068817,-38.654171,21.578554,0,4.8895127,0,1.8554996,0,0,0,0,0
4.2349837,5.1939274,0,21.578554,-35.533639,4.2574453,0,0,0,0,0,0,0,0
0,0,0,0,4.2574453,-17.340733,0,0,0,0,4.0940743,3.175964,6.1027554,0
0,0,0,4.8895127,0,0,-19.549006,5.6769798,9.0900827,0,0,0,0,0
0,0,0,0,0,0,5.6769798,-5.6769798,0,0,0,0,0,0
0,0,0,1.8554996,0,0,9.0900827,0,-24.092506,10.365394,0,0,0,3.0290505
0,0,0,0,0,0,0,0,10.365394,-14.768338,4.4029437,0,0,0
0,0,0,0,0,4.0940743,0,0,0,4.4029437,-8.4970181,0,0,0
0,0,0,0,0,3.175964,0,0,0,0,0,-5.4279386,2.2519746,0
0,0,0,0,0,6.1027554,0,0,0,0,0,2.2519746,-10.669694,2.3149635
0,0,0,0,0,0,0,0,3.0290505,0,0,0,2.3149635,-5.3440139
