6.0250291,-4.9991316,0,0,-1.0258975,0,0,0,0,0,0,0,0,0
-4.9991316,9.5213236,-1.1350192,-1.6860332,-1.7011397,0,0,0,0,0,0,0,0,0
0,-1.1350192,3.1209949,-1.9859757,0,0,0,0,0,0,0,0,0,0
0,-1.6860332,-1.9859757,10.51299,-6.8409807,0,0,0,0,0,0,0,0,0
-1.0258975,-1.7011397,0,-6.8409807,9.5680178,0,0,0,0,0,0,0,0,0
0,0,0,0,0,6.5799234,0,0,0,0,-1.9550286,-1.5259674,-3.0989274,0
0,0,0,0,0,0,0,0,0,0,0,0,0,0
0,0,0,0,0,0,0,0,0,0,0,0,0,0
0,0,0,0,0,0,0,0,5.326055,-3.9020496,0,0,0,-1.4240055
0,0,0,0,0,0,0,0,-3.9020496,5.7829343,-1.8808848,0,0,0
0,0,0,0,0,-1.9550286,0,0,0,-1.8808848,3.8359133,0,0,0
0,0,0,0,0,-1.5259674,0,0,0,0,0,4.014992,-2.4890246,0
0,0,0,0,0,-3.0989274,0,0,0,0,0,-2.4890246,6.7249461,-1.1369942
0,0,0,0,0,0,0,0,-1.4240055,0,0,0,-1.1369942,2.5609996
